   1            5.00000000
   2            5.00478000
   3            5.05903000
   4            5.20771000
   5            5.44379000
   6            5.74212000
   7            6.08287000
   8            6.45467000
   9            6.85192000
  10            7.27214000
  11            7.71444000
  12            8.17878000
  13            8.66548000
  14            9.17503000
  15            9.70798000
  16           10.26480000
  17           10.84589000
  18           11.45153000
  19           12.08187000
  20           12.73695000
  21           13.41669000
  22           14.12092000
  23           14.84938000
  24           15.60172000
  25           16.37756000
  26           17.17644000
  27           17.99790000
  28           18.84141000
  29           19.70646000
  30           20.59251000
  31           21.49904000
  32           22.42549000
  33           23.37136000
  34           24.33612000
  35           25.31928000
  36           26.32035000
  37           27.33886000
  38           28.37438000
  39           29.42646000
  40           30.49472000
  41           31.57875000
  42           32.67820000
  43           33.79271000
  44           34.92196000
  45           36.06564000
  46           37.22346000
  47           38.39514000
  48           39.58041000
  49           40.77904000
  50           41.99080000
  51           43.21546000
  52           44.45282000
  53           45.70268000
  54           46.96487000
  55           48.23921000
  56           49.52553000
  57           50.82367000
  58           52.13350000
  59           53.45488000
  60           54.78766000
  61           56.13172000
  62           57.48694000
  63           58.85321000
  64           60.23041000
  65           61.61844000
  66           63.01720000
  67           64.42658000
  68           65.84651000
  69           67.27688000
  70           68.71761000
  71           70.16862000
  72           71.62982000
  73           73.10114000
  74           74.58250000
  75           76.07382000
  76           77.57505000
  77           79.08609000
  78           80.60690000
  79           82.13740000
  80           83.67753000
  81           85.22722000
  82           86.78642000
  83           88.35507000
  84           89.93310000
  85           91.52046000
  86           93.11710000
  87           94.72295000
  88           96.33798000
  89           97.96212000
  90           99.59532000
  91          101.23753000
  92          102.88870000
  93          104.54879000
  94          106.21775000
  95          107.89553000
  96          109.58208000
  97          111.27736000
  98          112.98132000
  99          114.69392000
 100          116.41512000
 101          118.14488000
 102          119.88314000
 103          121.62988000
 104          123.38505000
 105          125.14861000
 106          126.92052000
 107          128.70075000
 108          130.48925000
 109          132.28599000
 110          134.09093000
 111          135.90403000
 112          137.72526000
 113          139.55458000
 114          141.39196000
 115          143.23737000
 116          145.09076000
 117          146.95210000
 118          148.82137000
 119          150.69853000
 120          152.58354000
 121          154.47638000
 122          156.37701000
 123          158.28540000
 124          160.20152000
 125          162.12534000
 126          164.05684000
 127          165.99597000
 128          167.94272000
 129          169.89705000
 130          171.85894000
 131          173.82835000
 132          175.80526000
 133          177.78964000
 134          179.78147000
 135          181.78072000
 136          183.78735000
 137          185.80135000
 138          187.82270000
 139          189.85135000
 140          191.88730000
 141          193.93051000
 142          195.98096000
 143          198.03862000
 144          200.10348000
 145          202.17551000
 146          204.25468000
 147          206.34097000
 148          208.43437000
 149          210.53484000
 150          212.64237000
 151          214.75693000
 152          216.87851000
 153          219.00707000
 154          221.14261000
 155          223.28510000
 156          225.43452000
 157          227.59085000
 158          229.75407000
 159          231.92416000
 160          234.10110000
 161          236.28488000
 162          238.47548000
 163          240.67287000
 164          242.87704000
 165          245.08797000
 166          247.30565000
 167          249.53005000
 168          251.76117000
 169          253.99898000
 170          256.24347000
 171          258.49462000
 172          260.75242000
 173          263.01686000
 174          265.28791000
 175          267.56556000
 176          269.84981000
 177          272.14062000
 178          274.43800000
 179          276.74193000
 180          279.05239000
 181          281.36937000
 182          283.69286000
 183          286.02285000
 184          288.35933000
 185          290.70228000
 186          293.05169000
 187          295.40755000
 188          297.76986000
 189          300.13860000
 190          302.51375000
 191          304.89532000
 192          307.28329000
 193          309.67766000
 194          312.07840000
 195          314.48553000
 196          316.89902000
 197          319.31887000
 198          321.74508000
 199          324.17763000
 200          326.61651000
 201          329.06174000
 202          331.51328000
 203          333.97115000
 204          336.43533000
 205          338.90583000
 206          341.38262000
 207          343.86572000
 208          346.35511000
 209          348.85080000
 210          351.35277000
 211          353.86103000
 212          356.37558000
 213          358.89640000
 214          361.42350000
 215          363.95688000
 216          366.49653000
 217          369.04246000
 218          371.59466000
 219          374.15313000
 220          376.71787000
 221          379.28889000
 222          381.86618000
 223          384.44974000
 224          387.03958000
 225          389.63569000
 226          392.23808000
 227          394.84675000
 228          397.46171000
 229          400.08295000
 230          402.71047000
 231          405.34430000
 232          407.98441000
 233          410.63083000
 234          413.28355000
 235          415.94259000
 236          418.60793000
 237          421.27960000
 238          423.95760000
 239          426.64193000
 240          429.33259000
 241          432.02961000
 242          434.73297000
 243          437.44270000
 244          440.15880000
 245          442.88127000
 246          445.61013000
 247          448.34539000
 248          451.08704000
 249          453.83512000
 250          456.58961000
 251          459.35054000
 252          462.11791000
 253          464.89174000
 254          467.67203000
 255          470.45880000
 256          473.25206000
 257          476.05182000
 258          478.85810000
 259          481.67090000
 260          484.49024000
 261          487.31613000
 262          490.14860000
 263          492.98764000
 264          495.83328000
 265          498.68553000
 266          501.54440000
 267          504.40992000
 268          507.28209000
 269          510.16093000
 270          513.04646000
 271          515.93870000
 272          518.83766000
 273          521.74335000
 274          524.65581000
 275          527.57504000
 276          530.50106000
 277          533.43389000
 278          536.37355000
 279          539.32006000
 280          542.27344000
 281          545.23370000
 282          548.20087000
 283          551.17497000
 284          554.15602000
 285          557.14404000
 286          560.13904000
 287          563.14106000
 288          566.15011000
 289          569.16621000
 290          572.18939000
 291          575.21967000
 292          578.25706000
 293          581.30161000
 294          584.35332000
 295          587.41222000
 296          590.47834000
 297          593.55170000
 298          596.63232000
 299          599.72023000
 300          602.81546000
 301          605.91802000
 302          609.02794000
 303          612.14526000
 304          615.26999000
 305          618.40216000
 306          621.54180000
 307          624.68894000
 308          627.84359000
 309          631.00580000
 310          634.17558000
 311          637.35297000
 312          640.53799000
 313          643.73067000
 314          646.93104000
 315          650.13912000
 316          653.35495000
 317          656.57856000
 318          659.80998000
 319          663.04923000
 320          666.29634000
 321          669.55135000
 322          672.81428000
 323          676.08517000
 324          679.36405000
 325          682.65094000
 326          685.94589000
 327          689.24892000
 328          692.56005000
 329          695.87934000
 330          699.20680000
 331          702.54247000
 332          705.88638000
 333          709.23856000
 334          712.59906000
 335          715.96789000
 336          719.34510000
 337          722.73072000
 338          726.12479000
 339          729.52733000
 340          732.93838000
 341          736.35797000
 342          739.78615000
 343          743.22294000
 344          746.66839000
 345          750.12252000
 346          753.58537000
 347          757.05698000
 348          760.53738000
 349          764.02662000
 350          767.52472000
 351          771.03173000
 352          774.54767000
 353          778.07259000
 354          781.60653000
 355          785.14952000
 356          788.70160000
 357          792.26280000
 358          795.83318000
 359          799.41275000
 360          803.00157000
 361          806.59967000
 362          810.20709000
 363          813.82386000
 364          817.45004000
 365          821.08565000
 366          824.73074000
 367          828.38534000
 368          832.04950000
 369          835.72326000
 370          839.40665000
 371          843.09972000
 372          846.80251000
 373          850.51505000
 374          854.23740000
 375          857.96958000
 376          861.71165000
 377          865.46364000
 378          869.22560000
 379          872.99756000
 380          876.77958000
 381          880.57168000
 382          884.37392000
 383          888.18633000
 384          892.00896000
 385          895.84186000
 386          899.68505000
 387          903.53860000
 388          907.40254000
 389          911.27691000
 390          915.16177000
 391          919.05714000
 392          922.96309000
 393          926.87964000
 394          930.80685000
 395          934.74476000
 396          938.69341000
 397          942.65286000
 398          946.62314000
 399          950.60430000
 400          954.59638000
 401          958.59944000
 402          962.61351000
 403          966.63865000
 404          970.67490000
 405          974.72230000
 406          978.78090000
 407          982.85075000
 408          986.93190000
 409          991.02438000
 410          995.12826000
 411          999.24357000
 412         1003.37037000
 413         1007.50869000
 414         1011.65860000
 415         1015.82013000
 416         1019.99333000
 417         1024.17826000
 418         1028.37496000
 419         1032.58348000
 420         1036.80386000
 421         1041.03617000
 422         1045.28044000
 423         1049.53672000
 424         1053.80507000
 425         1058.08553000
 426         1062.37815000
 427         1066.68299000
 428         1071.00009000
 429         1075.32950000
 430         1079.67128000
 431         1084.02547000
 432         1088.39212000
 433         1092.77129000
 434         1097.16302000
 435         1101.56737000
 436         1105.98438000
 437         1110.41412000
 438         1114.85663000
 439         1119.31196000
 440         1123.78016000
 441         1128.26129000
 442         1132.75539000
 443         1137.26253000
 444         1141.78275000
 445         1146.31610000
 446         1150.86264000
 447         1155.42242000
 448         1159.99550000
 449         1164.58192000
 450         1169.18175000
 451         1173.79502000
 452         1178.42181000
 453         1183.06216000
 454         1187.71612000
 455         1192.38375000
 456         1197.06510000
 457         1201.76024000
 458         1206.46921000
 459         1211.19206000
 460         1215.92886000
 461         1220.67965000
 462         1225.44450000
 463         1230.22346000
 464         1235.01658000
 465         1239.82392000
 466         1244.64554000
 467         1249.48149000
 468         1254.33183000
 469         1259.19661000
 470         1264.07590000
 471         1268.96974000
 472         1273.87819000
 473         1278.80132000
 474         1283.73918000
 475         1288.69183000
 476         1293.65932000
 477         1298.64171000
 478         1303.63906000
 479         1308.65143000
 480         1313.67887000
 481         1318.72145000
 482         1323.77922000
 483         1328.85224000
 484         1333.94058000
 485         1339.04428000
 486         1344.16341000
 487         1349.29803000
 488         1354.44820000
 489         1359.61398000
 490         1364.79542000
 491         1369.99259000
 492         1375.20555000
 493         1380.43435000
 494         1385.67907000
 495         1390.93975000
 496         1396.21647000
 497         1401.50927000
 498         1406.81823000
 499         1412.14340000
 500         1417.48485000
 501         1422.84264000
 502         1428.21682000
 503         1433.60747000
 504         1439.01464000
 505         1444.43839000
 506         1449.87880000
 507         1455.33592000
 508         1460.80981000
 509         1466.30054000
 510         1471.80817000
 511         1477.33276000
 512         1482.87439000
 513         1488.43311000
 514         1494.00898000
 515         1499.60207000
 516         1505.21245000
 517         1510.84018000
 518         1516.48533000
 519         1522.14795000
 520         1527.82812000
 521         1533.52590000
 522         1539.24136000
 523         1544.97455000
 524         1550.72556000
 525         1556.49444000
 526         1562.28125000
 527         1568.08608000
 528         1573.90898000
 529         1579.75001000
 530         1585.60926000
 531         1591.48678000
 532         1597.38264000
 533         1603.29690000
 534         1609.22965000
 535         1615.18094000
 536         1621.15084000
 537         1627.13943000
 538         1633.14677000
 539         1639.17292000
 540         1645.21796000
 541         1651.28196000
 542         1657.36499000
 543         1663.46711000
 544         1669.58840000
 545         1675.72892000
 546         1681.88875000
 547         1688.06796000
 548         1694.26661000
 549         1700.48478000
 550         1706.72254000
 551         1712.97995000
 552         1719.25710000
 553         1725.55405000
 554         1731.87088000
 555         1738.20765000
 556         1744.56444000
 557         1750.94132000
 558         1757.33836000
 559         1763.75564000
 560         1770.19323000
 561         1776.65120000
 562         1783.12962000
 563         1789.62858000
 564         1796.14814000
 565         1802.68838000
 566         1809.24936000
 567         1815.83118000
 568         1822.43389000
 569         1829.05758000
 570         1835.70232000
 571         1842.36819000
 572         1849.05526000
 573         1855.76360000
 574         1862.49330000
 575         1869.24443000
 576         1876.01707000
 577         1882.81128000
 578         1889.62716000
 579         1896.46477000
 580         1903.32420000
 581         1910.20552000
 582         1917.10881000
 583         1924.03414000
 584         1930.98160000
 585         1937.95126000
 586         1944.94321000
 587         1951.95751000
 588         1958.99426000
 589         1966.05353000
 590         1973.13539000
 591         1980.23994000
 592         1987.36724000
 593         1994.51739000
 594         2001.69045000
 595         2008.88651000
 596         2016.10566000
 597         2023.34797000
 598         2030.61352000
 599         2037.90240000
 600         2045.21468000
 601         2052.55046000
 602         2059.90980000
 603         2067.29280000
 604         2074.69954000
 605         2082.13010000
 606         2089.58457000
 607         2097.06302000
 608         2104.56554000
 609         2112.09222000
 610         2119.64314000
 611         2127.21838000
 612         2134.81803000
 613         2142.44218000
 614         2150.09091000
 615         2157.76430000
 616         2165.46244000
 617         2173.18542000
 618         2180.93332000
 619         2188.70623000
 620         2196.50424000
 621         2204.32743000
 622         2212.17589000
 623         2220.04972000
 624         2227.94898000
 625         2235.87379000
 626         2243.82421000
 627         2251.80035000
 628         2259.80228000
 629         2267.83011000
 630         2275.88391000
 631         2283.96379000
 632         2292.06982000
 633         2300.20210000
 634         2308.36072000
 635         2316.54576000
 636         2324.75733000
 637         2332.99551000
 638         2341.26040000
 639         2349.55207000
 640         2357.87064000
 641         2366.21618000
 642         2374.58880000
 643         2382.98858000
 644         2391.41562000
 645         2399.87001000
 646         2408.35185000
 647         2416.86122000
 648         2425.39823000
 649         2433.96297000
 650         2442.55552000
 651         2451.17600000
 652         2459.82449000
 653         2468.50109000
 654         2477.20589000
 655         2485.93899000
 656         2494.70049000
 657         2503.49048000
 658         2512.30906000
 659         2521.15634000
 660         2530.03239000
 661         2538.93734000
 662         2547.87126000
 663         2556.83426000
 664         2565.82645000
 665         2574.84791000
 666         2583.89875000
 667         2592.97906000
 668         2602.08895000
 669         2611.22852000
 670         2620.39787000
 671         2629.59710000
 672         2638.82631000
 673         2648.08560000
 674         2657.37507000
 675         2666.69483000
 676         2676.04497000
 677         2685.42561000
 678         2694.83683000
 679         2704.27876000
 680         2713.75148000
 681         2723.25511000
 682         2732.78975000
 683         2742.35549000
 684         2751.95246000
 685         2761.58075000
 686         2771.24046000
 687         2780.93171000
 688         2790.65460000
 689         2800.40923000
 690         2810.19572000
 691         2820.01417000
 692         2829.86468000
 693         2839.74737000
 694         2849.66234000
 695         2859.60970000
 696         2869.58956000
 697         2879.60203000
 698         2889.64721000
 699         2899.72523000
 700         2909.83618000
 701         2919.98017000
 702         2930.15733000
 703         2940.36775000
 704         2950.61155000
 705         2960.88884000
 706         2971.19974000
 707         2981.54435000
 708         2991.92279000
 709         3002.33517000
 710         3012.78160000
 711         3023.26220000
 712         3033.77709000
 713         3044.32636000
 714         3054.91015000
 715         3065.52856000
 716         3076.18171000
 717         3086.86972000
 718         3097.59270000
 719         3108.35076000
 720         3119.14403000
 721         3129.97263000
 722         3140.83666000
 723         3151.73624000
 724         3162.67150000
 725         3173.64256000
 726         3184.64952000
 727         3195.69251000
 728         3206.77166000
 729         3217.88707000
 730         3229.03887000
 731         3240.22719000
 732         3251.45213000
 733         3262.71382000
 734         3274.01239000
 735         3285.34796000
 736         3296.72064000
 737         3308.13056000
 738         3319.57785000
 739         3331.06262000
 740         3342.58500000
 741         3354.14512000
 742         3365.74310000
 743         3377.37906000
 744         3389.05312000
 745         3400.76543000
 746         3412.51609000
 747         3424.30524000
 748         3436.13301000
 749         3447.99951000
 750         3459.90489000
 751         3471.84926000
 752         3483.83275000
 753         3495.85550000
 754         3507.91763000
 755         3520.01927000
 756         3532.16055000
 757         3544.34160000
 758         3556.56255000
 759         3568.82354000
 760         3581.12468000
 761         3593.46613000
 762         3605.84800000
 763         3618.27043000
 764         3630.73356000
 765         3643.23751000
 766         3655.78242000
 767         3668.36843000
 768         3680.99566000
 769         3693.66426000
 770         3706.37435000
 771         3719.12608000
 772         3731.91958000
 773         3744.75498000
 774         3757.63243000
 775         3770.55206000
 776         3783.51401000
 777         3796.51842000
 778         3809.56542000
 779         3822.65515000
 780         3835.78776000
 781         3848.96338000
 782         3862.18215000
 783         3875.44422000
 784         3888.74972000
 785         3902.09879000
 786         3915.49159000
 787         3928.92824000
 788         3942.40890000
 789         3955.93371000
 790         3969.50280000
 791         3983.11633000
 792         3996.77443000
 793         4010.47726000
 794         4024.22495000
 795         4038.01766000
 796         4051.85553000
 797         4065.73870000
 798         4079.66733000
 799         4093.64156000
 800         4107.66153000
 801         4121.72740000
 802         4135.83932000
 803         4149.99743000
 804         4164.20188000
 805         4178.45283000
 806         4192.75042000
 807         4207.09481000
 808         4221.48615000
 809         4235.92458000
 810         4250.41026000
 811         4264.94335000
 812         4279.52399000
 813         4294.15235000
 814         4308.82856000
 815         4323.55280000
 816         4338.32521000
 817         4353.14595000
 818         4368.01517000
 819         4382.93304000
 820         4397.89970000
 821         4412.91532000
 822         4427.98005000
 823         4443.09406000
 824         4458.25749000
 825         4473.47052000
 826         4488.73329000
 827         4504.04597000
 828         4519.40872000
 829         4534.82170000
 830         4550.28508000
 831         4565.79900000
 832         4581.36365000
 833         4596.97917000
 834         4612.64574000
 835         4628.36351000
 836         4644.13266000
 837         4659.95334000
 838         4675.82572000
 839         4691.74997000
 840         4707.72626000
 841         4723.75474000
 842         4739.83559000
 843         4755.96898000
 844         4772.15507000
 845         4788.39404000
 846         4804.68604000
 847         4821.03126000
 848         4837.42986000
 849         4853.88202000
 850         4870.38790000
 851         4886.94767000
 852         4903.56151000
 853         4920.22960000
 854         4936.95210000
 855         4953.72918000
 856         4970.56103000
 857         4987.44782000
 858         5004.38972000
 859         5021.38691000
 860         5038.43957000
 861         5055.54786000
 862         5072.71198000
 863         5089.93209000
 864         5107.20839000
 865         5124.54103000
 866         5141.93021000
 867         5159.37611000
 868         5176.87890000
 869         5194.43876000
 870         5212.05589000
 871         5229.73046000
 872         5247.46264000
 873         5265.25264000
 874         5283.10062000
 875         5301.00678000
 876         5318.97130000
 877         5336.99437000
 878         5355.07616000
 879         5373.21687000
 880         5391.41669000
 881         5409.67580000
 882         5427.99438000
 883         5446.37264000
 884         5464.81075000
 885         5483.30892000
 886         5501.86732000
 887         5520.48615000
 888         5539.16560000
 889         5557.90586000
 890         5576.70712000
 891         5595.56959000
 892         5614.49345000
 893         5633.47889000
 894         5652.52612000
 895         5671.63532000
 896         5690.80669000
 897         5710.04043000
 898         5729.33674000
 899         5748.69582000
 900         5768.11785000
 901         5787.60305000
 902         5807.15160000
 903         5826.76372000
 904         5846.43960000
 905         5866.17944000
 906         5885.98345000
 907         5905.85182000
 908         5925.78476000
 909         5945.78247000
 910         5965.84516000
 911         5985.97304000
 912         6006.16630000
 913         6026.42515000
 914         6046.74980000
 915         6067.14046000
 916         6087.59734000
 917         6108.12064000
 918         6128.71057000
 919         6149.36734000
 920         6170.09116000
 921         6190.88224000
 922         6211.74080000
 923         6232.66704000
 924         6253.66119000
 925         6274.72344000
 926         6295.85402000
 927         6317.05314000
 928         6338.32101000
 929         6359.65786000
 930         6381.06389000
 931         6402.53932000
 932         6424.08438000
 933         6445.69927000
 934         6467.38423000
 935         6489.13946000
 936         6510.96519000
 937         6532.86164000
 938         6554.82903000
 939         6576.86758000
 940         6598.97752000
 941         6621.15907000
 942         6643.41245000
 943         6665.73788000
 944         6688.13560000
 945         6710.60582000
 946         6733.14878000
 947         6755.76471000
 948         6778.45382000
 949         6801.21635000
 950         6824.05252000
 951         6846.96258000
 952         6869.94674000
 953         6893.00524000
 954         6916.13832000
 955         6939.34619000
 956         6962.62911000
 957         6985.98729000
 958         7009.42098000
 959         7032.93041000
 960         7056.51581000
 961         7080.17743000
 962         7103.91550000
 963         7127.73026000
 964         7151.62194000
 965         7175.59079000
 966         7199.63704000
 967         7223.76094000
 968         7247.96273000
 969         7272.24265000
 970         7296.60094000
 971         7321.03785000
 972         7345.55362000
 973         7370.14849000
 974         7394.82271000
 975         7419.57653000
 976         7444.41020000
 977         7469.32396000
 978         7494.31805000
 979         7519.39274000
 980         7544.54826000
 981         7569.78488000
 982         7595.10284000
 983         7620.50238000
 984         7645.98378000
 985         7671.54727000
 986         7697.19312000
 987         7722.92157000
 988         7748.73289000
 989         7774.62733000
 990         7800.60514000
 991         7826.66659000
 992         7852.81194000
 993         7879.04143000
 994         7905.35534000
 995         7931.75392000
 996         7958.23744000
 997         7984.80615000
 998         8011.46032000
 999         8038.20022000
1000         8065.02611000
1001         8091.93825000
1002         8118.93691000
1003         8146.02235000
1004         8173.19485000
1005         8200.45468000
1006         8227.80209000
1007         8255.23736000
1008         8282.76077000
1009         8310.37258000
1010         8338.07307000
1011         8365.86250000
1012         8393.74115000
1013         8421.70931000
1014         8449.76723000
1015         8477.91520000
1016         8506.15350000
1017         8534.48239000
1018         8562.90217000
1019         8591.41311000
1020         8620.01548000
1021         8648.70958000
1022         8677.49568000
1023         8706.37406000
1024         8735.34502000
1025         8764.40882000
1026         8793.56576000
1027         8822.81612000
1028         8852.16019000
1029         8881.59825000
1030         8911.13060000
1031         8940.75752000
1032         8970.47930000
1033         9000.29623000
1034         9030.20861000
1035         9060.21672000
1036         9090.32086000
1037         9120.52133000
1038         9150.81841000
1039         9181.21240000
1040         9211.70360000
1041         9242.29231000
1042         9272.97882000
1043         9303.76343000
1044         9334.64645000
1045         9365.62817000
1046         9396.70889000
1047         9427.88892000
1048         9459.16855000
1049         9490.54810000
1050         9522.02787000
1051         9553.60816000
1052         9585.28928000
1053         9617.07154000
1054         9648.95524000
1055         9680.94070000
1056         9713.02822000
1057         9745.21812000
1058         9777.51070000
1059         9809.90628000
1060         9842.40517000
1061         9875.00769000
1062         9907.71415000
1063         9940.52487000
1064         9973.44017000
1065        10006.46035000
1066        10039.58575000
1067        10072.81668000
1068        10106.15346000
1069        10139.59641000
1070        10173.14586000
1071        10206.80213000
1072        10240.56554000
1073        10274.43641000
1074        10308.41508000
1075        10342.50187000
1076        10376.69711000
1077        10411.00113000
1078        10445.41425000
1079        10479.93680000
1080        10514.56913000
1081        10549.31156000
1082        10584.16441000
1083        10619.12804000
1084        10654.20277000
1085        10689.38894000
1086        10724.68689000
1087        10760.09695000
1088        10795.61946000
1089        10831.25477000
1090        10867.00321000
1091        10902.86513000
1092        10938.84086000
1093        10974.93076000
1094        11011.13516000
1095        11047.45441000
1096        11083.88886000
1097        11120.43886000
1098        11157.10476000
1099        11193.88689000
1100        11230.78562000
1101        11267.80130000
1102        11304.93427000
1103        11342.18490000
1104        11379.55353000
1105        11417.04052000
1106        11454.64623000
1107        11492.37101000
1108        11530.21522000
1109        11568.17923000
1110        11606.26339000
1111        11644.46806000
1112        11682.79361000
1113        11721.24039000
1114        11759.80878000
1115        11798.49914000
1116        11837.31183000
1117        11876.24722000
1118        11915.30568000
1119        11954.48758000
1120        11993.79329000
1121        12033.22318000
1122        12072.77763000
1123        12112.45700000
1124        12152.26167000
1125        12192.19201000
1126        12232.24841000
1127        12272.43124000
1128        12312.74088000
1129        12353.17771000
1130        12393.74210000
1131        12434.43445000
1132        12475.25513000
1133        12516.20453000
1134        12557.28303000
1135        12598.49101000
1136        12639.82887000
1137        12681.29700000
1138        12722.89577000
1139        12764.62559000
1140        12806.48684000
1141        12848.47992000
1142        12890.60522000
1143        12932.86313000
1144        12975.25404000
1145        13017.77837000
1146        13060.43649000
1147        13103.22882000
1148        13146.15575000
1149        13189.21768000
1150        13232.41502000
1151        13275.74817000
1152        13319.21753000
1153        13362.82350000
1154        13406.56650000
1155        13450.44693000
1156        13494.46520000
1157        13538.62172000
1158        13582.91691000
1159        13627.35116000
1160        13671.92490000
1161        13716.63855000
1162        13761.49250000
1163        13806.48720000
1164        13851.62304000
1165        13896.90045000
1166        13942.31984000
1167        13987.88165000
1168        14033.58629000
1169        14079.43419000
1170        14125.42577000
1171        14171.56145000
1172        14217.84166000
1173        14264.26684000
1174        14310.83741000
1175        14357.55379000
1176        14404.41643000
1177        14451.42575000
1178        14498.58219000
1179        14545.88618000
1180        14593.33817000
1181        14640.93857000
1182        14688.68785000
1183        14736.58643000
1184        14784.63475000
1185        14832.83327000
1186        14881.18241000
1187        14929.68263000
1188        14978.33437000
1189        15027.13808000
1190        15076.09421000
1191        15125.20320000
1192        15174.46551000
1193        15223.88158000
1194        15273.45188000
1195        15323.17685000
1196        15373.05695000
1197        15423.09264000
1198        15473.28438000
1199        15523.63261000
1200        15574.13782000
1201        15624.80045000
1202        15675.62096000
1203        15726.59983000
1204        15777.73752000
1205        15829.03449000
1206        15880.49122000
1207        15932.10816000
1208        15983.88580000
1209        16035.82460000
1210        16087.92503000
1211        16140.18758000
1212        16192.61270000
1213        16245.20090000
1214        16297.95263000
1215        16350.86838000
1216        16403.94862000
1217        16457.19385000
1218        16510.60455000
1219        16564.18119000
1220        16617.92426000
1221        16671.83426000
1222        16725.91166000
1223        16780.15696000
1224        16834.57065000
1225        16889.15322000
1226        16943.90517000
1227        16998.82698000
1228        17053.91916000
1229        17109.18220000
1230        17164.61660000
1231        17220.22286000
1232        17276.00149000
1233        17331.95298000
1234        17388.07783000
1235        17444.37656000
1236        17500.84967000
1237        17557.49767000
1238        17614.32107000
1239        17671.32037000
1240        17728.49610000
1241        17785.84876000
1242        17843.37887000
1243        17901.08694000
1244        17958.97349000
1245        18017.03904000
1246        18075.28412000
1247        18133.70923000
1248        18192.31492000
1249        18251.10169000
1250        18310.07007000
1251        18369.22060000
1252        18428.55380000
1253        18488.07019000
1254        18547.77032000
1255        18607.65472000
1256        18667.72391000
1257        18727.97843000
1258        18788.41883000
1259        18849.04563000
1260        18909.85938000
1261        18970.86062000
1262        19032.04990000
1263        19093.42774000
1264        19154.99471000
1265        19216.75135000
1266        19278.69820000
1267        19340.83581000
1268        19403.16475000
1269        19465.68555000
1270        19528.39877000
1271        19591.30497000
1272        19654.40471000
1273        19717.69853000
1274        19781.18702000
1275        19844.87071000
1276        19908.75018000
1277        19972.82599000
1278        20037.09871000
1279        20101.56890000
1280        20166.23713000
1281        20231.10397000
1282        20296.17000000
1283        20361.43578000
1284        20426.90189000
1285        20492.56890000
1286        20558.43740000
1287        20624.50797000
1288        20690.78117000
1289        20757.25760000
1290        20823.93784000
1291        20890.82247000
1292        20957.91208000
1293        21025.20725000
1294        21092.70858000
1295        21160.41666000
1296        21228.33208000
1297        21296.45544000
1298        21364.78732000
1299        21433.32833000
1300        21502.07907000
1301        21571.04012000
1302        21640.21211000
1303        21709.59563000
1304        21779.19128000
1305        21848.99967000
1306        21919.02142000
1307        21989.25712000
1308        22059.70739000
1309        22130.37284000
1310        22201.25409000
1311        22272.35175000
1312        22343.66644000
1313        22415.19878000
1314        22486.94939000
1315        22558.91889000
1316        22631.10790000
1317        22703.51705000
1318        22776.14697000
1319        22848.99828000
1320        22922.07162000
1321        22995.36761000
1322        23068.88690000
1323        23142.63010000
1324        23216.59787000
1325        23290.79084000
1326        23365.20965000
1327        23439.85493000
1328        23514.72734000
1329        23589.82752000
1330        23665.15611000
1331        23740.71376000
1332        23816.50112000
1333        23892.51885000
1334        23968.76759000
1335        24045.24800000
1336        24121.96073000
1337        24198.90645000
1338        24276.08581000
1339        24353.49947000
1340        24431.14810000
1341        24509.03236000
1342        24587.15292000
1343        24665.51044000
1344        24744.10560000
1345        24822.93906000
1346        24902.01149000
1347        24981.32358000
1348        25060.87600000
1349        25140.66943000
1350        25220.70454000
1351        25300.98202000
1352        25381.50254000
1353        25462.26681000
1354        25543.27549000
1355        25624.52928000
1356        25706.02888000
1357        25787.77496000
1358        25869.76823000
1359        25952.00938000
1360        26034.49910000
1361        26117.23810000
1362        26200.22707000
1363        26283.46672000
1364        26366.95775000
1365        26450.70086000
1366        26534.69677000
1367        26618.94618000
1368        26703.44980000
1369        26788.20835000
1370        26873.22254000
1371        26958.49308000
1372        27044.02070000
1373        27129.80611000
1374        27215.85003000
1375        27302.15320000
1376        27388.71632000
1377        27475.54014000
1378        27562.62537000
1379        27649.97275000
1380        27737.58301000
1381        27825.45689000
1382        27913.59512000
1383        28001.99843000
1384        28090.66757000
1385        28179.60328000
1386        28268.80630000
1387        28358.27738000
1388        28448.01726000
1389        28538.02670000
1390        28628.30643000
1391        28718.85722000
1392        28809.67982000
1393        28900.77498000
1394        28992.14346000
1395        29083.78602000
1396        29175.70343000
1397        29267.89644000
1398        29360.36582000
1399        29453.11235000
1400        29546.13677000
1401        29673.77278000
1402        29767.64715000
1403        29861.80424000
1404        29956.24485000
1405        30050.96977000
1406        30145.97980000
1407        30241.27575000
1408        30336.85842000
1409        30432.72862000
1410        30528.88715000
1411        30625.33483000
1412        30722.07246000
1413        30819.10087000
1414        30916.42086000
1415        31014.03326000
1416        31111.93889000
1417        31210.13856000
1418        31308.63311000
1419        31407.42337000
1420        31506.51015000
1421        31605.89430000
1422        31705.57664000
1423        31805.55802000
1424        31905.83926000
1425        32006.42121000
1426        32107.30471000
1427        32208.49061000
1428        32309.97975000
1429        32411.77298000
1430        32513.87115000
1431        32616.27511000
1432        32718.98572000
1433        32822.00383000
1434        32925.33031000
1435        33028.96601000
1436        33132.91180000
1437        33237.16855000
1438        33341.73712000
1439        33446.61838000
1440        33551.81321000
1441        33657.32248000
1442        33763.14706000
1443        33869.28785000
1444        33975.74571000
1445        34082.52153000
1446        34189.61620000
1447        34297.03061000
1448        34404.76564000
1449        34512.82219000
1450        34621.20115000
1451        34729.90343000
1452        34838.92991000
1453        34948.28151000
1454        35057.95912000
1455        35167.96366000
1456        35278.29602000
1457        35388.95713000
1458        35499.94789000
1459        35611.26923000
1460        35722.92205000
1461        35834.90728000
1462        35947.22584000
1463        36059.87866000
1464        36172.86665000
1465        36286.19077000
1466        36399.85192000
1467        36513.85106000
1468        36628.18911000
1469        36742.86701000
1470        36857.88571000
1471        36973.24615000
1472        37088.94927000
1473        37204.99603000
1474        37321.38737000
1475        37438.12425000
1476        37555.20762000
1477        37672.63845000
1478        37790.41768000
1479        37908.54629000
1480        38027.02524000
1481        38145.85550000
1482        38265.03803000
1483        38384.57382000
1484        38504.46383000
1485        38624.70904000
1486        38745.31043000
1487        38866.26899000
1488        38987.58570000
1489        39109.26155000
1490        39231.29753000
1491        39353.69462000
1492        39476.45383000
1493        39599.57615000
1494        39723.06258000
1495        39846.91413000
1496        39971.13179000
1497        40095.71658000
1498        40220.66951000
1499        40345.99158000
1500        40471.68381000
1501        40597.74723000
1502        40724.18285000
1503        40850.99169000
1504        40978.17477000
1505        41105.73314000
1506        41233.66780000
1507        41361.97981000
1508        41490.67019000
1509        41619.73999000
1510        41749.19023000
1511        41879.02197000
1512        42009.23626000
1513        42139.83413000
1514        42270.81664000
1515        42402.18485000
1516        42533.93981000
1517        42666.08258000
1518        42798.61422000
1519        42931.53579000
1520        43064.84837000
1521        43198.55301000
1522        43332.65080000
1523        43467.14281000
1524        43602.03012000
1525        43737.31380000
1526        43872.99494000
1527        44009.07462000
1528        44145.55393000
1529        44282.43397000
1530        44419.71582000
1531        44557.40059000
1532        44695.48937000
1533        44833.98327000
1534        44972.88338000
1535        45112.19081000
1536        45251.90669000
1537        45392.03211000
1538        45532.56819000
1539        45673.51606000
1540        45814.87682000
1541        45956.65162000
1542        46098.84157000
1543        46241.44780000
1544        46384.47145000
1545        46527.91364000
1546        46671.77552000
1547        46816.05823000
1548        46960.76292000
1549        47105.89071000
1550        47251.44278000
1551        47397.42026000
1552        47543.82432000
1553        47690.65611000
1554        47837.91679000
1555        47985.60752000
1556        48133.72947000
1557        48282.28381000
1558        48431.27172000
1559        48580.69436000
1560        48730.55291000
1561        48880.84856000
1562        49031.58248000
1563        49182.75587000
1564        49334.36991000
1565        49486.42580000
1566        49638.92473000
1567        49791.86789000
1568        49945.25650000
1569        50099.09175000
1570        50253.37485000
1571        50408.10701000
1572        50563.28945000
1573        50718.92337000
1574        50875.01000000
1575        51031.55056000
1576        51188.54628000
1577        51345.99838000
1578        51503.90809000
1579        51662.27665000
1580        51821.10529000
1581        51980.39526000
1582        52140.14779000
1583        52300.36413000
1584        52461.04554000
1585        52622.19326000
1586        52783.80855000
1587        52945.89266000
1588        53108.44687000
1589        53271.47242000
1590        53434.97060000
1591        53598.94266000
1592        53763.38989000
1593        53928.31356000
1594        54093.71495000
1595        54259.59535000
1596        54425.95603000
1597        54592.79829000
1598        54760.12342000
1599        54927.93272000
1600        55096.22748000
1601        55265.00901000
1602        55434.27862000
1603        55604.03760000
1604        55774.28727000
1605        55945.02895000
1606        56116.26395000
1607        56287.99360000
1608        56460.21921000
1609        56632.94212000
1610        56806.16366000
1611        56979.88515000
1612        57154.10795000
1613        57328.83338000
1614        57504.06279000
1615        57679.79753000
1616        57856.03895000
1617        58032.78839000
1618        58210.04723000
1619        58387.81681000
1620        58566.09850000
1621        58744.89367000
1622        58924.20369000
1623        59104.02993000
1624        59284.37376000
1625        59465.23657000
1626        59646.61974000
1627        59828.52465000
1628        60010.95270000
1629        60193.90527000
1630        60377.38377000
1631        60561.38960000
1632        60745.92415000
1633        60930.98884000
1634        61116.58507000
1635        61302.71426000
1636        61489.37782000
1637        61676.57718000
1638        61864.31376000
1639        62052.58898000
1640        62241.40428000
1641        62430.76109000
1642        62620.66084000
1643        62811.10499000
1644        63002.09496000
1645        63193.63222000
1646        63385.71821000
1647        63578.35438000
1648        63771.54220000
1649        63965.28312000
1650        64159.57862000
1651        64354.43015000
1652        64549.83920000
1653        64745.80724000
1654        64942.33574000
1655        65139.42620000
1656        65337.08009000
1657        65535.29891000
1658        65734.08415000
1659        65933.43731000
1660        66133.35988000
1661        66333.85338000
1662        66534.91931000
1663        66736.55919000
1664        66938.77452000
1665        67141.56682000
1666        67344.93763000
1667        67548.88846000
1668        67753.42085000
1669        67958.53632000
1670        68164.23642000
1671        68370.52268000
1672        68577.39666000
1673        68784.85989000
1674        68992.91393000
1675        69201.56034000
1676        69410.80067000
1677        69620.63649000
1678        69831.06937000
1679        70042.10087000
1680        70253.73256000
1681        70465.96604000
1682        70678.80287000
1683        70892.24464000
1684        71106.29295000
1685        71320.94938000
1686        71536.21553000
1687        71752.09300000
1688        71968.58341000
1689        72185.68834000
1690        72403.40942000
1691        72621.74827000
1692        72840.70649000
1693        73060.28572000
1694        73280.48758000
1695        73501.31371000
1696        73722.76573000
1697        73944.84529000
1698        74167.55404000
1699        74390.89360000
1700        74614.86565000
1701        74839.47182000
1702        75064.71379000
1703        75290.59320000
1704        75517.11174000
1705        75744.27106000
1706        75972.07284000
1707        76200.51877000
1708        76429.61052000
1709        76659.34977000
1710        76889.73822000
1711        77120.77757000
1712        77352.46950000
1713        77584.81573000
1714        77817.81795000
1715        78051.47789000
1716        78285.79724000
1717        78520.77773000
1718        78756.42109000
1719        78992.72903000
1720        79229.70329000
1721        79467.34560000
1722        79705.65771000
1723        79944.64135000
1724        80184.29826000
1725        80424.63021000
1726        80665.63894000
1727        80907.32622000
1728        81149.69380000
1729        81392.74346000
1730        81636.47696000
1731        81880.89608000
1732        82126.00261000
1733        82371.79831000
1734        82618.28499000
1735        82865.46444000
1736        83113.33844000
1737        83361.90881000
1738        83611.17734000
1739        83861.14585000
1740        84111.81614000
1741        84363.19005000
1742        84615.26938000
1743        84868.05596000
1744        85121.55163000
1745        85375.75821000
1746        85630.67755000
1747        85886.31150000
1748        86142.66189000
1749        86399.73058000
1750        86657.51943000
1751        86916.03029000
1752        87175.26503000
1753        87435.22553000
1754        87695.91365000
1755        87957.33127000
1756        88219.48027000
1757        88482.36254000
1758        88745.97998000
1759        89010.33447000
1760        89275.42791000
1761        89541.26222000
1762        89807.83930000
1763        90075.16106000
1764        90343.22942000
1765        90612.04630000
1766        90881.61363000
1767        91151.93334000
1768        91423.00737000
1769        91694.83765000
1770        91967.42613000
1771        92240.77476000
1772        92514.88549000
1773        92789.76027000
1774        93065.40109000
1775        93341.80989000
1776        93618.98865000
1777        93896.93935000
1778        94175.66396000
1779        94455.16448000
1780        94735.44290000
1781        95016.50120000
1782        95298.34139000
1783        95580.96547000
1784        95864.37545000
1785        96148.57334000
1786        96433.56116000
1787        96719.34094000
1788        97005.91469000
1789        97293.28446000
1790        97581.45228000
1791        97870.42018000
1792        98160.19022000
1793        98450.76444000
1794        98742.14491000
1795        99034.33368000
1796        99327.33281000
1797        99621.14438000
1798        99915.77046000
1799       100211.21313000
1800       100507.47447000
1801       100804.55657000
1802       101102.46153000
1803       101401.19144000
1804       101700.74840000
1805       102001.13454000
1806       102302.35194000
1807       102604.40275000
1808       102907.28907000
1809       103211.01303000
1810       103515.57678000
1811       103820.98244000
1812       104127.23215000
1813       104434.32807000
1814       104742.27234000
1815       105051.06712000
1816       105360.71458000
1817       105671.21688000
1818       105982.57620000
1819       106294.79470000
1820       106607.87457000
1821       106921.81800000
1822       107236.62718000
1823       107552.30431000
1824       107868.85158000
1825       108186.27121000
1826       108504.56540000
1827       108823.73638000
1828       109143.78636000
1829       109464.71757000
1830       109786.53225000
1831       110109.23263000
1832       110432.82095000
1833       110757.29946000
1834       111082.67042000
1835       111408.93607000
1836       111736.09869000
1837       112064.16054000
1838       112393.12390000
1839       112722.99104000
1840       113053.76424000
1841       113385.44580000
1842       113718.03801000
1843       114051.54317000
1844       114385.96358000
1845       114721.30155000
1846       115057.55940000
1847       115394.73945000
1848       115732.84401000
1849       116071.87543000
1850       116411.83604000
1851       116752.72818000
1852       117094.55419000
1853       117437.31643000
1854       117781.01726000
1855       118125.65903000
1856       118471.24413000
1857       118817.77490000
1858       119165.25375000
1859       119513.68305000
1860       119863.06519000
1861       120213.40256000
1862       120564.69757000
1863       120916.95262000
1864       121270.17013000
1865       121624.35250000
1866       121979.50216000
1867       122335.62155000
1868       122692.71308000
1869       123050.77920000
1870       123409.82236000
1871       123769.84500000
1872       124130.84958000
1873       124492.83856000
1874       124855.81440000
1875       125219.77958000
1876       125584.73657000
1877       125950.68786000
1878       126317.63594000
1879       126685.58329000
1880       127054.53242000
1881       127424.48583000
1882       127795.44604000
1883       128167.41556000
1884       128540.39691000
1885       128914.39263000
1886       129289.40524000
1887       129665.43728000
1888       130042.49130000
1889       130420.56985000
1890       130799.67548000
1891       131179.81076000
1892       131560.97826000
1893       131943.18055000
1894       132326.42020000
1895       132710.69981000
1896       133096.02196000
1897       133482.38925000
1898       133869.80429000
1899       134258.26968000
1900       134647.78803000
1901       135038.36197000
1902       135429.99413000
1903       135822.68712000
1904       136216.44360000
1905       136611.26621000
1906       137007.15759000
1907       137404.12040000
1908       137802.15730000
1909       138201.27095000
1910       138601.46405000
1911       139002.73925000
1912       139405.09925000
1913       139808.54673000
1914       140213.08440000
1915       140618.71496000
1916       141025.44112000
1917       141433.26558000
1918       141842.19109000
1919       142252.22035000
1920       142663.35611000
1921       143075.60110000
1922       143488.95807000
1923       143903.42977000
1924       144319.01896000
1925       144735.72840000
1926       145153.56086000
1927       145572.51913000
1928       145992.60598000
1929       146413.82419000
1930       146836.17657000
1931       147259.66592000
1932       147684.29504000
1933       148110.06675000
1934       148536.98386000
1935       148965.04921000
1936       149394.26562000
1937       149824.63593000
1938       150256.16299000
1939       150688.84965000
1940       151122.69876000
1941       151557.71319000
1942       151993.89582000
1943       152431.24950000
1944       152869.77714000
1945       153309.48162000
1946       153750.36582000
1947       154192.43266000
1948       154635.68505000
1949       155080.12589000
1950       155525.75811000
1951       155972.58464000
1952       156420.60841000
1953       156869.83236000
1954       157320.25944000
1955       157771.89260000
1956       158224.73480000
1957       158678.78900000
1958       159134.05819000
1959       159590.54534000
1960       160048.25344000
1961       160507.18547000
1962       160967.34445000
1963       161428.73336000
1964       161891.35524000
1965       162355.21309000
1966       162820.30994000
1967       163286.64883000
1968       163754.23279000
1969       164223.06487000
1970       164693.14812000
1971       165164.48560000
1972       165637.08038000
1973       166110.93552000
1974       166586.05412000
1975       167062.43925000
1976       167540.09400000
1977       168019.02148000
1978       168499.22480000
1979       168980.70706000
1980       169463.47138000
1981       169947.52090000
1982       170432.85875000
1983       170919.48806000
1984       171407.41199000
1985       171896.63368000
1986       172387.15631000
1987       172878.98303000
1988       173372.11703000
1989       173866.56148000
1990       174362.31957000
1991       174859.39450000
1992       175357.78947000
1993       175857.50770000
1994       176358.55239000
1995       176860.92678000
1996       177364.63408000
1997       177869.67755000
1998       178376.06043000
1999       178883.78596000
2000       179392.85741000
2001       179903.27804000
2002       180415.05112000
2003       180928.17994000
2004       181442.66779000
2005       181958.51795000
2006       182475.73374000
2007       182994.31845000
2008       183514.27540000
2009       184035.60793000
2010       184558.31935000
2011       185082.41301000
2012       185607.89225000
2013       186134.76043000
2014       186663.02089000
2015       187192.67702000
2016       187723.73218000
2017       188256.18976000
2018       188790.05314000
2019       189325.32572000
2020       189862.01091000
2021       190400.11210000
2022       190939.63274000
2023       191480.57622000
2024       192022.94600000
2025       192566.74552000
2026       193111.97821000
2027       193658.64753000
2028       194206.75695000
2029       194756.30994000
2030       195307.30997000
2031       195859.76054000
2032       196413.66512000
2033       196969.02723000
2034       197525.85037000
2035       198084.13806000
2036       198643.89381000
2037       199205.12117000
2038       199767.82366000
2039       200332.00483000
2040       200897.66824000
2041       201464.81745000
2042       202033.45603000
2043       202603.58754000
2044       203175.21559000
2045       203748.34375000
2046       204322.97563000
2047       204899.11483000
2048       205476.76497000
2049       206055.92968000
2050       206636.61258000
2051       207218.81731000
2052       207802.54751000
2053       208387.80685000
2054       208974.59898000
2055       209562.92757000
2056       210152.79630000
2057       210744.20886000
2058       211337.16893000
2059       211931.68022000
2060       212527.74644000
2061       213125.37131000
2062       213724.55854000
2063       214325.31188000
2064       214927.63506000
2065       215531.53183000
2066       216137.00595000
2067       216744.06119000
2068       217352.70131000
2069       217962.93010000
2070       218574.75135000
2071       219188.16884000
2072       219803.18640000
2073       220419.80783000
2074       221038.03696000
2075       221657.87760000
2076       222279.33361000
2077       222902.40883000
2078       223527.10710000
2079       224153.43230000
2080       224781.38829000
2081       225410.97896000
2082       226042.20818000
2083       226675.07986000
2084       227309.59790000
2085       227945.76621000
2086       228583.58871000
2087       229223.06932000
2088       229864.21200000
2089       230507.02067000
2090       231151.49930000
2091       231797.65184000
2092       232445.48227000
2093       233094.99457000
2094       233746.19271000
2095       234399.08071000
2096       235053.66256000
2097       235709.94227000
2098       236367.92387000
2099       237027.61139000
2100       237689.00886000
2101       238352.12032000
2102       239016.94985000
2103       239683.50149000
2104       240351.77933000
2105       241021.78744000
2106       241693.52991000
2107       242367.01084000
2108       243042.23434000
2109       243719.20452000
2110       244397.92552000
2111       245078.40145000
2112       245760.63646000
2113       246444.63470000
2114       247130.40034000
2115       247817.93754000
2116       248507.25047000
2117       249198.34333000
2118       249891.22030000
2119       250585.88559000
2120       251282.34341000
2121       251980.59799000
2122       252680.65354000
2123       253382.51432000
2124       254086.18456000
2125       254791.66853000
2126       255498.97049000
2127       256208.09472000
2128       256919.04549000
2129       257631.82710000
2130       258346.44385000
2131       259062.90006000
2132       259781.20003000
2133       260501.34811000
2134       261223.34862000
2135       261947.20592000
2136       262672.92435000
2137       263400.50829000
2138       264129.96211000
2139       264861.29019000
2140       265594.49692000
2141       266329.58671000
2142       267066.56397000
2143       267805.43311000
2144       268546.19856000
2145       269288.86477000
2146       270033.43618000
2147       270779.91725000
2148       271528.31244000
2149       272278.62624000
2150       273030.86311000
2151       273785.02757000
2152       274541.12411000
2153       275299.15725000
2154       276059.13150000
2155       276821.05141000
2156       277584.92151000
2157       278350.74635000
2158       279118.53049000
2159       279888.27851000
2160       280659.99497000
2161       281433.68448000
2162       282209.35163000
2163       282987.00103000
2164       283766.63729000
2165       284548.26504000
2166       285331.88892000
2167       286117.51357000
2168       286905.14366000
2169       287694.78384000
2170       288486.43879000
2171       289280.11320000
2172       290075.81176000
2173       290873.53918000
2174       291673.30016000
2175       292475.09944000
2176       293278.94175000
2177       294084.83183000
2178       294892.77444000
2179       295702.77433000
2180       296514.83628000
2181       297328.96508000
2182       298145.16552000
2183       298963.44239000
2184       299783.80052000
2185       300606.24472000
2186       301430.77983000
2187       302257.41069000
2188       303086.14216000
2189       303916.97908000
2190       304749.92635000
2191       305584.98884000
2192       306422.17144000
2193       307261.47906000
2194       308102.91660000
2195       308946.48900000
2196       309792.20118000
2197       310640.05810000
2198       311490.06469000
2199       312342.22594000
2200       313196.54680000
2201       314053.03226000
2202       314911.68733000
2203       315772.51700000
2204       316635.52629000
2205       317500.72022000
2206       318368.10383000
2207       319237.68216000
2208       320109.46028000
2209       320983.44325000
2210       321859.63614000
2211       322738.04404000
2212       323618.67206000
2213       324501.52529000
2214       325386.60887000
2215       326273.92791000
2216       327163.48756000
2217       328055.29296000
2218       328949.34929000
2219       329845.66170000
2220       330744.23539000
2221       331645.07554000
2222       332548.18736000
2223       333453.57607000
2224       334361.24688000
2225       335271.20503000
2226       336183.45577000
2227       337098.00435000
2228       338014.85605000
2229       338934.01614000
2230       339855.48990000
2231       340779.28265000
2232       341705.39968000
2233       342633.84633000
2234       343564.62792000
2235       344497.74979000
2236       345433.21731000
2237       346371.03583000
2238       347311.21073000
2239       348253.74740000
2240       349198.65123000
2241       350145.92764000
2242       351095.58204000
2243       352047.61986000
2244       353002.04655000
2245       353958.86756000
2246       354918.08835000
2247       355879.71440000
2248       356843.75119000
2249       357810.20422000
2250       358779.07900000
2251       359750.38105000
2252       360724.11590000
2253       361700.28909000
2254       362678.90617000
2255       363659.97271000
2256       364643.49429000
2257       365629.47649000
2258       366617.92490000
2259       367608.84515000
2260       368602.24284000
2261       369598.12362000
2262       370596.49313000
2263       371597.35701000
2264       372600.72094000
2265       373606.59060000
2266       374614.97168000
2267       375625.86987000
2268       376639.29088000
2269       377655.24046000
2270       378673.72431000
2271       379694.74821000
2272       380718.31790000
2273       381744.43915000
2274       382773.11775000
2275       383804.35949000
2276       384838.17017000
2277       385874.55562000
2278       386913.52165000
2279       387955.07412000
2280       388999.21887000
2281       390045.96177000
2282       391095.30869000
2283       392147.26553000
2284       393201.83817000
2285       394259.03253000
2286       395318.85454000
2287       396381.31012000
2288       397446.40523000
2289       398514.14583000
2290       399584.53788000
2291       400657.58737000
2292       401733.30030000
2293       402811.68266000
2294       403892.74048000
2295       404976.47979000
2296       406062.90664000
2297       407152.02707000
2298       408243.84716000
2299       409338.37298000
2300       410435.61062000
2301       411535.56620000
2302       412638.24582000
2303       413743.65561000
2304       414851.80172000
2305       415962.69029000
2306       417076.32750000
2307       418192.71951000
2308       419311.87252000
2309       420433.79273000
2310       421558.48636000
2311       422685.95962000
2312       423816.21877000
2313       424949.27004000
2314       426085.11971000
2315       427223.77406000
2316       428365.23936000
2317       429509.52192000
2318       430656.62807000
2319       431806.56411000
2320       432959.33640000
2321       434114.95128000
2322       435273.41512000
2323       436434.73429000
2324       437598.91519000
2325       438765.96421000
2326       439935.88778000
2327       441108.69232000
2328       442284.38427000
2329       443462.97009000
2330       444644.45623000
2331       445828.84919000
2332       447016.15545000
2333       448206.38151000
2334       449399.53390000
2335       450595.61914000
2336       451794.64378000
2337       452996.61438000
2338       454201.53750000
2339       455409.41973000
2340       456620.26766000
2341       457834.08790000
2342       459050.88707000
2343       460270.67181000
2344       461493.44877000
2345       462719.22460000
2346       463948.00598000
2347       465179.79960000
2348       466414.61216000
2349       467652.45037000
2350       468893.32095000
2351       470137.23066000
2352       471384.18624000
2353       472634.19445000
2354       473887.26209000
2355       475143.39594000
2356       476402.60280000
2357       477664.88951000
2358       478930.26289000
2359       480198.72979000
2360       481470.29708000
2361       482744.97162000
2362       484022.76030000
2363       485303.67002000
2364       486587.70771000
2365       487874.88028000
2366       489165.19468000
2367       490458.65787000
2368       491755.27681000
2369       493055.05849000
2370       494358.00990000
2371       495664.13805000
2372       496973.44998000
2373       498285.95271000
2374       499601.65330000
2375       500920.55881000
2376       502242.67632000
2377       503568.01293000
2378       504896.57574000
2379       506228.37187000
2380       507563.40846000
2381       508901.69266000
2382       510243.23163000
2383       511588.03255000
2384       512936.10261000
2385       514287.44900000
2386       515642.07896000
2387       516999.99972000
2388       518361.21851000
2389       519725.74261000
2390       521093.57929000
2391       522464.73583000
2392       523839.21955000
2393       525217.03776000
2394       526598.19779000
2395       527982.70699000
2396       529370.57272000
2397       530761.80236000
2398       532156.40329000
2399       533554.38292000
2400       534955.74867000
2401       536360.50797000
2402       537768.66827000
2403       539180.23703000
2404       540595.22173000
2405       542013.62985000
2406       543435.46891000
2407       544860.74641000
2408       546289.46991000
2409       547721.64694000
2410       549157.28507000
2411       550596.39188000
2412       552038.97496000
2413       553485.04193000
2414       554934.60039000
2415       556387.65800000
2416       557844.22239000
2417       559304.30125000
2418       560767.90225000
2419       562235.03308000
2420       563705.70147000
2421       565179.91513000
2422       566657.68181000
2423       568139.00926000
2424       569623.90526000
2425       571112.37759000
2426       572604.43405000
2427       574100.08247000
2428       575599.33066000
2429       577102.18648000
2430       578608.65780000
2431       580118.75248000
2432       581632.47842000
2433       583149.84353000
2434       584670.85573000
2435       586195.52296000
2436       587723.85317000
2437       589255.85432000
2438       590791.53441000
2439       592330.90144000
2440       593873.96341000
2441       595420.72836000
2442       596971.20433000
2443       598525.39939000
2444       600083.32161000
2445       601644.97908000
2446       603210.37991000
2447       604779.53223000
2448       606352.44416000
2449       607929.12388000
2450       609509.57954000
2451       611093.81933000
2452       612681.85146000
2453       614273.68413000
2454       615869.32559000
2455       617468.78408000
2456       619072.06787000
2457       620679.18523000
2458       622290.14447000
2459       623904.95389000
2460       625523.62183000
2461       627146.15661000
2462       628772.56662000
2463       630402.86022000
2464       632037.04580000
2465       633675.13177000
2466       635317.12655000
2467       636963.03859000
2468       638612.87634000
2469       640266.64827000
2470       641924.36288000
2471       643586.02865000
2472       645251.65413000
2473       646921.24784000
2474       648594.81833000
2475       650272.37418000
2476       651953.92397000
2477       653639.47630000
2478       655329.03980000
2479       657022.62309000
2480       658720.23483000
2481       660421.88369000
2482       662127.57835000
2483       663837.32751000
2484       665551.13989000
2485       667269.02422000
2486       668990.98926000
2487       670717.04376000
2488       672447.19652000
2489       674181.45633000
2490       675919.83202000
2491       677662.33241000
2492       679408.96635000
2493       681159.74272000
2494       682914.67040000
2495       684673.75828000
2496       686437.01529000
2497       688204.45036000
2498       689976.07245000
2499       691751.89051000
2500       693531.91355000
2501       695316.15055000
2502       697104.61054000
2503       698897.30256000
2504       700694.23565000
2505       702495.41890000
2506       704300.86138000
2507       706110.57221000
2508       707924.56050000
2509       709742.83540000
2510       711565.40606000
2511       713392.28166000
2512       715223.47138000
2513       717058.98444000
2514       718898.83006000
2515       720743.01748000
2516       722591.55597000
2517       724444.45481000
2518       726301.72328000
2519       728163.37071000
2520       730029.40642000
2521       731899.83976000
2522       733774.68010000
2523       735653.93682000
2524       737537.61932000
2525       739425.73703000
2526       741318.29937000
2527       743215.31580000
2528       745116.79580000
2529       747022.74885000
2530       748933.18446000
2531       750848.11215000
2532       752767.54148000
2533       754691.48199000
2534       756619.94327000
2535       758552.93492000
2536       760490.46655000
2537       762432.54780000
2538       764379.18830000
2539       766330.39774000
2540       768286.18580000
2541       770246.56219000
2542       772211.53663000
2543       774181.11885000
2544       776155.31863000
2545       778134.14573000
2546       780117.60996000
2547       782105.72113000
2548       784098.48907000
2549       786095.92363000
2550       788098.03469000
2551       790104.83212000
2552       792116.32584000
2553       794132.52578000
2554       796153.44186000
2555       798179.08407000
2556       800209.46237000
2557       802244.58677000
2558       804284.46728000
2559       806329.11394000
2560       808378.53681000
2561       810432.74595000
2562       812491.75147000
2563       814555.56346000
2564       816624.19207000
2565       818697.64744000
2566       820775.93974000
2567       822859.07916000
2568       824947.07589000
2569       827039.94017000
2570       829137.68223000
2571       831240.31235000
2572       833347.84080000
2573       835460.27788000
2574       837577.63391000
2575       839699.91922000
2576       841827.14419000
2577       843959.31918000
2578       846096.45459000
2579       848238.56084000
2580       850385.64836000
2581       852537.72760000
2582       854694.80904000
2583       856856.90317000
2584       859024.02050000
2585       861196.17156000
2586       863373.36691000
2587       865555.61711000
2588       867742.93276000
2589       869935.32446000
2590       872132.80285000
2591       874335.37856000
2592       876543.06228000
2593       878755.86468000
2594       880973.79648000
2595       883196.86840000
2596       885425.09119000
2597       887658.47562000
2598       889897.03247000
2599       892140.77254000
2600       894389.70668000
2601       896643.84571000
2602       898903.20052000
2603       901167.78198000
2604       903437.60100000
2605       905712.66850000
2606       907992.99544000
2607       910278.59278000
2608       912569.47151000
2609       914865.64263000
2610       917167.11717000
2611       919473.90617000
2612       921786.02071000
2613       924103.47187000
2614       926426.27077000
2615       928754.42852000
2616       931087.95628000
2617       933426.86521000
2618       935771.16651000
2619       938120.87139000
2620       940475.99107000
2621       942836.53681000
2622       945202.51988000
2623       947573.95158000
2624       949950.84320000
2625       952333.20610000
2626       954721.05162000
2627       957114.39113000
2628       959513.23604000
2629       961917.59776000
2630       964327.48772000
2631       966742.91739000
2632       969163.89825000
2633       971590.44179000
2634       974022.55953000
2635       976460.26303000
2636       978903.56383000
2637       981352.47353000
2638       983807.00373000
2639       986267.16606000
2640       988732.97216000
2641       991204.43371000
2642       993681.56238000
2643       996164.36990000
2644       998652.86800000
2645      1001147.06843000
2646      1003646.98296000
2647      1006152.62339000
2648      1008664.00154000
2649      1011181.12925000
2650      1013704.01838000
2651      1016232.68081000
2652      1018767.12845000
2653      1021307.37321000
2654      1023853.42706000
2655      1026405.30195000
2656      1028963.00988000
2657      1031526.56286000
2658      1034095.97292000
2659      1036671.25212000
2660      1039252.41253000
2661      1041839.46626000
2662      1044432.42543000
2663      1047031.30217000
2664      1049636.10866000
2665      1052246.85708000
2666      1054863.55964000
2667      1057486.22857000
2668      1060114.87613000
2669      1062749.51459000
2670      1065390.15624000
2671      1068036.81340000
2672      1070689.49843000
2673      1073348.22368000
2674      1076013.00154000
2675      1078683.84441000
2676      1081360.76473000
2677      1084043.77495000
2678      1086732.88755000
2679      1089428.11502000
2680      1092129.46989000
2681      1094836.96470000
2682      1097550.61201000
2683      1100270.42442000
2684      1102996.41453000
2685      1105728.59497000
2686      1108466.97841000
2687      1111211.57753000
2688      1113962.40501000
2689      1116719.47360000
2690      1119482.79603000
2691      1122252.38508000
2692      1125028.25354000
2693      1127810.41423000
2694      1130598.87998000
2695      1133393.66366000
2696      1136194.77815000
2697      1139002.23636000
2698      1141816.05123000
2699      1144636.23570000
2700      1147462.80275000
2701      1150295.76539000
2702      1153135.13663000
2703      1155980.92954000
2704      1158833.15717000
2705      1161691.83262000
2706      1164556.96900000
2707      1167428.57947000
2708      1170306.67718000
2709      1173191.27532000
2710      1176082.38711000
2711      1178980.02577000
2712      1181884.20457000
2713      1184794.93678000
2714      1187712.23572000
2715      1190636.11471000
2716      1193566.58711000
2717      1196503.66629000
2718      1199447.36565000
2719      1202397.69863000
2720      1205354.67866000
2721      1208318.31922000
2722      1211288.63381000
2723      1214265.63594000
2724      1217249.33916000
2725      1220239.75704000
2726      1223236.90318000
2727      1226240.79118000
2728      1229251.43470000
2729      1232268.84739000
2730      1235293.04294000
2731      1238324.03507000
2732      1241361.83752000
2733      1244406.46404000
2734      1247457.92843000
2735      1250516.24449000
2736      1253581.42607000
2737      1256653.48702000
2738      1259732.44122000
2739      1262818.30259000
2740      1265911.08506000
2741      1269010.80258000
2742      1272117.46915000
2743      1275231.09877000
2744      1278351.70546000
2745      1281479.30330000
2746      1284613.90636000
2747      1287755.52874000
2748      1290904.18458000
2749      1294059.88804000
2750      1297222.65330000
2751      1300392.49457000
2752      1303569.42607000
2753      1306753.46207000
2754      1309944.61684000
2755      1313142.90470000
2756      1316348.33997000
2757      1319560.93702000
2758      1322780.71023000
2759      1326007.67401000
2760      1329241.84278000
2761      1332483.23101000
2762      1335731.85319000
2763      1338987.72381000
2764      1342250.85743000
2765      1345521.26860000
2766      1348798.97191000
2767      1352083.98196000
2768      1355376.31340000
2769      1358675.98089000
2770      1361982.99912000
2771      1365297.38280000
2772      1368619.14668000
2773      1371948.30552000
2774      1375284.87412000
2775      1378628.86729000
2776      1381980.29988000
2777      1385339.18675000
2778      1388705.54281000
2779      1392079.38298000
2780      1395460.72220000
2781      1398849.57546000
2782      1402245.95774000
2783      1405649.88409000
2784      1409061.36954000
2785      1412480.42919000
2786      1415907.07814000
2787      1419341.33152000
2788      1422783.20449000
2789      1426232.71223000
2790      1429689.86996000
2791      1433154.69292000
2792      1436627.19636000
2793      1440107.39559000
2794      1443595.30592000
2795      1447090.94269000
2796      1450594.32128000
2797      1454105.45709000
2798      1457624.36553000
2799      1461151.06207000
2800      1464685.56218000
2801      1468227.88136000
2802      1471778.03516000
2803      1475336.03913000
2804      1478901.90885000
2805      1482475.65994000
2806      1486057.30805000
2807      1489646.86884000
2808      1493244.35800000
2809      1496849.79126000
2810      1500463.18436000
2811      1504084.55310000
2812      1507713.91326000
2813      1511351.28069000
2814      1514996.67124000
2815      1518650.10079000
2816      1522311.58527000
2817      1525981.14062000
2818      1529658.78279000
2819      1533344.52781000
2820      1537038.39167000
2821      1540740.39045000
2822      1544450.54022000
2823      1548168.85709000
2824      1551895.35719000
2825      1555630.05669000
2826      1559372.97178000
2827      1563124.11868000
2828      1566883.51363000
2829      1570651.17293000
2830      1574427.11285000
2831      1578211.34975000
2832      1582003.89998000
2833      1585804.77993000
2834      1589614.00601000
2835      1593431.59467000
2836      1597257.56239000
2837      1601091.92566000
2838      1604934.70102000
2839      1608785.90502000
2840      1612645.55425000
2841      1616513.66533000
2842      1620390.25490000
2843      1624275.33962000
2844      1628168.93622000
2845      1632071.06141000
2846      1635981.73195000
2847      1639900.96464000
2848      1643828.77628000
2849      1647765.18372000
2850      1651710.20384000
2851      1655663.85355000
2852      1659626.14976000
2853      1663597.10945000
2854      1667576.74960000
2855      1671565.08723000
2856      1675562.13939000
2857      1679567.92317000
2858      1683582.45566000
2859      1687605.75400000
2860      1691637.83535000
2861      1695678.71693000
2862      1699728.41593000
2863      1703786.94963000
2864      1707854.33530000
2865      1711930.59026000
2866      1716015.73185000
2867      1720109.77744000
2868      1724212.74443000
2869      1728324.65025000
2870      1732445.51237000
2871      1736575.34827000
2872      1740714.17548000
2873      1744862.01154000
2874      1749018.87405000
2875      1753184.78059000
2876      1757359.74883000
2877      1761543.79642000
2878      1765736.94108000
2879      1769939.20052000
2880      1774150.59252000
2881      1778371.13485000
2882      1782600.84534000
2883      1786839.74185000
2884      1791087.84226000
2885      1795345.16447000
2886      1799611.72643000
2887      1803887.54612000
2888      1808172.64154000
2889      1812467.03071000
2890      1816770.73172000
2891      1821083.76264000
2892      1825406.14161000
2893      1829737.88679000
2894      1834079.01636000
2895      1838429.54854000
2896      1842789.50159000
2897      1847158.89377000
2898      1851537.74341000
2899      1855926.06884000
2900      1860323.88844000
2901      1864731.22061000
2902      1869148.08378000
2903      1873574.49643000
2904      1878010.47706000
2905      1882456.04418000
2906      1886911.21636000
2907      1891376.01220000
2908      1895850.45032000
2909      1900334.54936000
2910      1904828.32802000
2911      1909331.80502000
2912      1913844.99909000
2913      1918367.92904000
2914      1922900.61366000
2915      1927443.07180000
2916      1931995.32233000
2917      1936557.38417000
2918      1941129.27625000
2919      1945711.01755000
2920      1950302.62706000
2921      1954904.12383000
2922      1959515.52692000
2923      1964136.85542000
2924      1968768.12848000
2925      1973409.36525000
2926      1978060.58493000
2927      1982721.80675000
2928      1987393.04997000
2929      1992074.33388000
2930      1996765.67781000
2931      2001467.10110000
2932      2006178.62316000
2933      2010900.26341000
2934      2015632.04129000
2935      2020373.97631000
2936      2025126.08796000
2937      2029888.39583000
2938      2034660.91947000
2939      2039443.67852000
2940      2044236.69263000
2941      2049039.98147000
2942      2053853.56478000
2943      2058677.46228000
2944      2063511.69378000
2945      2068356.27908000
2946      2073211.23803000
2947      2078076.59052000
2948      2082952.35647000
2949      2087838.55581000
2950      2092735.20854000
2951      2097642.33466000
2952      2102559.95423000
2953      2107488.08733000
2954      2112426.75407000
2955      2117375.97461000
2956      2122335.76912000
2957      2127306.15782000
2958      2132287.16096000
2959      2137278.79883000
2960      2142281.09175000
2961      2147294.06005000
2962      2152317.72414000
2963      2157352.10442000
2964      2162397.22135000
2965      2167453.09542000
2966      2172519.74715000
2967      2177597.19710000
2968      2182685.46584000
2969      2187784.57401000
2970      2192894.54226000
2971      2198015.39129000
2972      2203147.14182000
2973      2208289.81461000
2974      2213443.43045000
2975      2218608.01018000
2976      2223783.57466000
2977      2228970.14479000
2978      2234167.74150000
2979      2239376.38576000
2980      2244596.09856000
2981      2249826.90096000
2982      2255068.81401000
2983      2260321.85883000
2984      2265586.05655000
2985      2270861.42836000
2986      2276147.99547000
2987      2281445.77912000
2988      2286754.80058000
2989      2292075.08119000
2990      2297406.64230000
2991      2302749.50528000
2992      2308103.69156000
2993      2313469.22260000
2994      2318846.11989000
2995      2324234.40497000
2996      2329634.09939000
2997      2335045.22475000
2998      2340467.80269000
2999      2345901.85488000
3000      2351347.40303000
3001      2356804.46887000
3002      2362273.07419000
3003      2367753.24081000
3004      2373244.99055000
3005      2378748.34533000
3006      2384263.32705000
3007      2389789.95767000
3008      2395328.25919000
3009      2400878.25363000
3010      2406439.96307000
3011      2412013.40959000
3012      2417598.61535000
3013      2423195.60252000
3014      2428804.39329000
3015      2434425.00994000
3016      2440057.47473000
3017      2445701.80998000
3018      2451358.03806000
3019      2457026.18136000
3020      2462706.26230000
3021      2468398.30335000
3022      2474102.32702000
3023      2479818.35585000
3024      2485546.41240000
3025      2491286.51931000
3026      2497038.69921000
3027      2502802.97480000
3028      2508579.36880000
3029      2514367.90397000
3030      2520168.60311000
3031      2525981.48905000
3032      2531806.58468000
3033      2537643.91290000
3034      2543493.49665000
3035      2549355.35894000
3036      2555229.52276000
3037      2561116.01120000
3038      2567014.84734000
3039      2572926.05433000
3040      2578849.65533000
3041      2584785.67355000
3042      2590734.13225000
3043      2596695.05471000
3044      2602668.46426000
3045      2608654.38425000
3046      2614652.83809000
3047      2620663.84921000
3048      2626687.44110000
3049      2632723.63726000
3050      2638772.46125000
3051      2644833.93666000
3052      2650908.08712000
3053      2656994.93630000
3054      2663094.50790000
3055      2669206.82566000
3056      2675331.91337000
3057      2681469.79485000
3058      2687620.49396000
3059      2693784.03459000
3060      2699960.44069000
3061      2706149.73623000
3062      2712351.94522000
3063      2718567.09172000
3064      2724795.19982000
3065      2731036.29365000
3066      2737290.39738000
3067      2743557.53522000
3068      2749837.73142000
3069      2756131.01026000
3070      2762437.39608000
3071      2768756.91323000
3072      2775089.58612000
3073      2781435.43921000
3074      2787794.49696000
3075      2794166.78391000
3076      2800552.32461000
3077      2806951.14367000
3078      2813363.26574000
3079      2819788.71548000
3080      2826227.51763000
3081      2832679.69695000
3082      2839145.27823000
3083      2845624.28633000
3084      2852116.74610000
3085      2858622.68249000
3086      2865142.12045000
3087      2871675.08498000
3088      2878221.60112000
3089      2884781.69394000
3090      2891355.38859000
3091      2897942.71021000
3092      2904543.68401000
3093      2911158.33523000
3094      2917786.68915000
3095      2924428.77110000
3096      2931084.60645000
3097      2937754.22059000
3098      2944437.63897000
3099      2951134.88707000
3100      2957845.99044000
3101      2964570.97462000
3102      2971309.86524000
3103      2978062.68793000
3104      2984829.46840000
3105      2991610.23237000
3106      2998405.00561000
3107      3005213.81395000
3108      3012036.68323000
3109      3018873.63935000
3110      3025724.70826000
3111      3032589.91591000
3112      3039469.28835000
3113      3046362.85163000
3114      3053270.63185000
3115      3060192.65517000
3116      3067128.94776000
3117      3074079.53585000
3118      3081044.44573000
3119      3088023.70368000
3120      3095017.33608000
3121      3102025.36933000
3122      3109047.82984000
3123      3116084.74411000
3124      3123136.13866000
3125      3130202.04005000
3126      3137282.47489000
3127      3144377.46983000
3128      3151487.05155000
3129      3158611.24680000
3130      3165750.08235000
3131      3172903.58501000
3132      3180071.78165000
3133      3187254.69917000
3134      3194452.36452000
3135      3201664.80468000
3136      3208892.04669000
3137      3216134.11762000
3138      3223391.04459000
3139      3230662.85476000
3140      3237949.57533000
3141      3245251.23354000
3142      3252567.85670000
3143      3259899.47213000
3144      3267246.10720000
3145      3274607.78934000
3146      3281984.54600000
3147      3289376.40470000
3148      3296783.39298000
3149      3304205.53843000
3150      3311642.86869000
3151      3319095.41145000
3152      3326563.19441000
3153      3334046.24536000
3154      3341544.59210000
3155      3349058.26248000
3156      3356587.28442000
3157      3364131.68583000
3158      3371691.49472000
3159      3379266.73912000
3160      3386857.44709000
3161      3394463.64676000
3162      3402085.36630000
3163      3409722.63390000
3164      3417375.47783000
3165      3425043.92637000
3166      3432728.00787000
3167      3440427.75070000
3168      3448143.18332000
3169      3455874.33417000
3170      3463621.23180000
3171      3471383.90475000
3172      3479162.38164000
3173      3486956.69112000
3174      3494766.86189000
3175      3502592.92269000
3176      3510434.90232000
3177      3518292.82960000
3178      3526166.73341000
3179      3534056.64268000
3180      3541962.58637000
3181      3549884.59351000
3182      3557822.69314000
3183      3565776.91439000
3184      3573747.28639000
3185      3581733.83833000
3186      3589736.59948000
3187      3597755.59911000
3188      3605790.86655000
3189      3613842.43119000
3190      3621910.32245000
3191      3629994.56980000
3192      3638095.20276000
3193      3646212.25088000
3194      3654345.74379000
3195      3662495.71113000
3196      3670662.18261000
3197      3678845.18797000
3198      3687044.75701000
3199      3695260.91956000
3200      3703493.70552000
3201      3711743.14482000
3202      3720009.26744000
3203      3728292.10340000
3204      3736591.68278000
3205      3744908.03569000
3206      3753241.19231000
3207      3761591.18285000
3208      3769958.03756000
3209      3778341.78676000
3210      3786742.46080000
3211      3795160.09008000
3212      3803594.70505000
3213      3812046.33620000
3214      3820515.01409000
3215      3829000.76930000
3216      3837503.63246000
3217      3846023.63427000
3218      3854560.80545000
3219      3863115.17679000
3220      3871686.77911000
3221      3880275.64330000
3222      3888881.80027000
3223      3897505.28099000
3224      3906146.11650000
3225      3914804.33784000
3226      3923479.97614000
3227      3932173.06256000
3228      3940883.62831000
3229      3949611.70466000
3230      3958357.32291000
3231      3967120.51441000
3232      3975901.31058000
3233      3984699.74286000
3234      3993515.84275000
3235      4002349.64181000
3236      4011201.17163000
3237      4020070.46387000
3238      4028957.55021000
3239      4037862.46241000
3240      4046785.23225000
3241      4055725.89158000
3242      4064684.47230000
3243      4073661.00633000
3244      4082655.52568000
3245      4091668.06236000
3246      4100698.64850000
3247      4109747.31621000
3248      4118814.09768000
3249      4127899.02515000
3250      4137002.13090000
3251      4146123.44728000
3252      4155263.00667000
3253      4164420.84148000
3254      4173596.98423000
3255      4182791.46743000
3256      4192004.32368000
3257      4201235.58560000
3258      4210485.28587000
3259      4219753.45724000
3260      4229040.13250000
3261      4238345.34446000
3262      4247669.12601000
3263      4257011.51010000
3264      4266372.52970000
3265      4275752.21786000
3266      4285150.60765000
3267      4294567.73222000
3268      4304003.62474000
3269      4313458.31846000
3270      4322931.84666000
3271      4332424.24270000
3272      4341935.53996000
3273      4351465.77186000
3274      4361014.97191000
3275      4370583.17366000
3276      4380170.41070000
3277      4389776.71666000
3278      4399402.12525000
3279      4409046.67022000
3280      4418710.38537000
3281      4428393.30453000
3282      4438095.46163000
3283      4447816.89061000
3284      4457557.62547000
3285      4467317.70028000
3286      4477097.14915000
3287      4486896.00622000
3288      4496714.30573000
3289      4506552.08191000
3290      4516409.36911000
3291      4526286.20169000
3292      4536182.61406000
3293      4546098.64070000
3294      4556034.31614000
3295      4565989.67494000
3296      4575964.75175000
3297      4585959.58124000
3298      4595974.19815000
3299      4606008.63726000
3300      4616062.93343000
3301      4626137.12152000
3302      4636231.23651000
3303      4646345.31338000
3304      4656479.38718000
3305      4666633.49302000
3306      4676807.66605000
3307      4687001.94149000
3308      4697216.35461000
3309      4707450.94071000
3310      4717705.73516000
3311      4727980.77341000
3312      4738276.09090000
3313      4748591.72318000
3314      4758927.70584000
3315      4769284.07451000
3316      4779660.86488000
3317      4790058.11270000
3318      4800475.85375000
3319      4810914.12391000
3320      4821372.95908000
3321      4831852.39522000
3322      4842352.46833000
3323      4852873.21450000
3324      4863414.66984000
3325      4873976.87053000
3326      4884559.85281000
3327      4895163.65296000
3328      4905788.30732000
3329      4916433.85229000
3330      4927100.32432000
3331      4937787.75991000
3332      4948496.19562000
3333      4959225.66806000
3334      4969976.21392000
3335      4980747.86991000
3336      4991540.67281000
3337      5002354.65944000
3338      5013189.86672000
3339      5024046.33157000
3340      5034924.09101000
3341      5045823.18208000
3342      5056743.64189000
3343      5067685.50762000
3344      5078648.81649000
3345      5089633.60576000
3346      5100639.91278000
3347      5111667.77494000
3348      5122717.22968000
3349      5133788.31450000
3350      5144881.06696000
3351      5155995.52466000
3352      5167131.72529000
3353      5178289.70656000
3354      5189469.50626000
3355      5200671.16223000
3356      5211894.71235000
3357      5223140.19459000
3358      5234407.64694000
3359      5245697.10748000
3360      5257008.61431000
3361      5268342.20562000
3362      5279697.91965000
3363      5291075.79466000
3364      5302475.86905000
3365      5313898.18118000
3366      5325342.76953000
3367      5336809.67262000
3368      5348298.92902000
3369      5359810.57737000
3370      5371344.65636000
3371      5382901.20473000
3372      5394480.26128000
3373      5406081.86490000
3374      5417706.05449000
3375      5429352.86904000
3376      5441022.34758000
3377      5452714.52919000
3378      5464429.45305000
3379      5476167.15835000
3380      5487927.68437000
3381      5499711.07043000
3382      5511517.35591000
3383      5523346.58026000
3384      5535198.78298000
3385      5547074.00363000
3386      5558972.28182000
3387      5570893.65724000
3388      5582838.16961000
3389      5594805.85874000
3390      5606796.76446000
3391      5618810.92670000
3392      5630848.38544000
3393      5642909.18067000
3394      5654993.35251000
3395      5667100.94110000
3396      5679231.98664000
3397      5691386.52941000
3398      5703564.60972000
3399      5715766.26795000
3400      5727991.54456000
3401      5740240.48005000
3402      5752513.11496000
3403      5764809.48996000
3404      5777129.64569000
3405      5789473.62290000
3406      5801841.46240000
3407      5814233.20505000
3408      5826648.89176000
3409      5839088.56354000
3410      5851552.26140000
3411      5864040.02647000
3412      5876551.89988000
3413      5889087.92288000
3414      5901648.13676000
3415      5914232.58283000
3416      5926841.30252000
3417      5939474.33728000
3418      5952131.72866000
3419      5964813.51821000
3420      5977519.74761000
3421      5990250.45856000
3422      6003005.69282000
3423      6015785.49224000
3424      6028589.89869000
3425      6041418.95412000
3426      6054272.70057000
3427      6067151.18009000
3428      6080054.43484000
3429      6092982.50699000
3430      6105935.43884000
3431      6118913.27267000
3432      6131916.05089000
3433      6144943.81594000
3434      6157996.61033000
3435      6171074.47662000
3436      6184177.45744000
3437      6197305.59550000
3438      6210458.93354000
3439      6223637.51438000
3440      6236841.38091000
3441      6250070.57606000
3442      6263325.14284000
3443      6276605.12433000
3444      6289910.56364000
3445      6303241.50397000
3446      6316597.98858000
3447      6329980.06078000
3448      6343387.76397000
3449      6356821.14158000
3450      6370280.23711000
3451      6383765.09415000
3452      6397275.75632000
3453      6410812.26732000
3454      6424374.67092000
3455      6437963.01093000
3456      6451577.33125000
3457      6465217.67581000
3458      6478884.08866000
3459      6492576.61384000
3460      6506295.29551000
3461      6520040.17788000
3462      6533811.30523000
3463      6547608.72187000
3464      6561432.47219000
3465      6575282.60069000
3466      6589159.15188000
3467      6603062.17035000
3468      6616991.70075000
3469      6630947.78780000
3470      6644930.47629000
3471      6658939.81107000
3472      6672975.83704000
3473      6687038.59920000
3474      6701128.14258000
3475      6715244.51229000
3476      6729387.75351000
3477      6743557.91147000
3478      6757755.03148000
3479      6771979.15891000
3480      6786230.33917000
3481      6800508.61780000
3482      6814814.04034000
3483      6829146.65241000
3484      6843506.49973000
3485      6857893.62805000
3486      6872308.08321000
3487      6886749.91108000
3488      6901219.15764000
3489      6915715.86891000
3490      6930240.09098000
3491      6944791.87000000
3492      6959371.25220000
3493      6973978.28387000
3494      6988613.01138000
3495      7003275.48112000
3496      7017965.73961000
3497      7032683.83341000
3498      7047429.80910000
3499      7062203.71341000
3500      7077005.59309000
